% gamma kappa eta1 sig lam mup sigp rsmax alpha alpha1 alpha2 betam1 n kappa_k res_min
0.79241 1.06222 0.55011 0.45916 0.34690 1.34537 1.14207 0.89835 0.02138 6.06313 0.12965 0.02151 9.47214 1.01245 0.05454
1.43369 1.02868 1.89492 0.52544 0.54351 1.18880 0.77789 0.84091 0.00056 5.85791 0.53773 0.00393 4.27660 0.56305 0.03475
0.67293 1.09768 0.69351 0.47225 0.42841 1.69641 0.74409 0.64490 0.00003 4.04678 1.97938 0.00481 2.05993 0.74043 0.03786
1.11983 0.94393 1.88347 0.37668 0.55987 0.40348 0.93577 0.84934 0.00136 1.20182 1.66820 0.00085 3.48623 1.95563 0.05496
1.44815 1.06844 1.35310 0.33881 0.35513 0.67187 0.91657 0.54195 0.00016 4.92341 1.82466 0.00566 1.47608 1.53802 0.08741
0.87060 1.07396 0.64377 0.86394 0.58756 2.24668 0.40053 0.66611 0.00057 9.96497 0.31629 0.01586 3.40833 2.16091 0.08053
1.90577 0.94259 1.72708 0.44618 0.64172 0.62552 0.28503 0.92724 0.00009 7.99586 1.24196 0.00031 8.60376 0.48195 0.03036
1.62193 1.04061 0.62635 0.57732 0.38073 1.46342 0.56523 0.51450 0.00115 2.87914 0.18924 0.02803 6.92761 0.79508 0.06654
0.73949 1.00921 0.86216 0.93199 0.77681 7.97943 0.82890 0.29245 0.04211 0.43637 0.14439 0.03026 4.91985 0.21217 0.04551
0.29321 0.99178 1.58485 0.62031 0.81081 1.47575 0.09100 0.94676 0.00034 9.00696 0.68064 0.00006 6.44180 2.88068 0.04967
0.13438 0.93988 1.08170 0.31714 0.31770 1.18791 0.76344 0.69657 0.00011 5.12241 0.31644 0.00142 2.33968 1.03284 0.02895
1.10496 1.08148 0.89482 0.42757 0.57606 1.11128 0.60446 0.94667 0.00015 8.39861 0.47392 0.00250 6.37635 0.22920 0.05830
0.57076 1.06716 1.07821 0.82847 0.78171 1.29258 0.89715 0.93874 0.00121 6.80800 0.53455 0.03190 8.36569 2.96768 0.08395
1.12998 0.90813 1.94775 0.24687 0.60602 1.24047 2.79743 0.96518 0.01350 1.36034 0.50724 0.00110 3.84215 0.47801 0.06581
1.64495 0.95325 1.50687 0.32566 0.31955 0.06911 2.02566 0.63946 0.00364 2.51141 0.56838 0.01210 2.31611 2.12918 0.07620
0.96552 1.08557 0.55059 0.33942 0.42883 1.30767 0.47894 0.60757 0.00495 7.95257 1.68125 0.01629 4.18651 0.43928 0.07077
0.49934 1.06328 1.20886 0.51208 0.61336 3.27398 0.87046 0.80291 0.00028 3.33335 1.60873 0.04241 1.54587 3.57704 0.05423
1.40906 1.00249 0.86134 0.61691 0.12588 1.07396 1.20085 0.61036 0.00308 3.54896 0.76437 0.01066 1.44629 1.79699 0.05289
0.30551 1.06016 1.94059 0.41516 0.16556 2.20033 0.82535 0.80990 0.00011 8.64586 1.89656 0.00110 1.38101 0.93641 0.05191
1.54207 1.00884 1.26748 0.45474 0.55807 1.35950 0.79097 0.64892 0.00092 6.79298 0.19369 0.00470 3.75762 0.65062 0.07239
1.24727 1.09414 0.79235 0.25032 0.73413 6.29549 1.27737 0.92586 0.01334 0.36817 0.59120 0.00664 1.67828 3.54204 0.04725
1.59729 1.03544 0.61262 0.49929 0.59003 0.99534 0.53494 0.79018 0.00025 9.58473 0.07093 0.00762 8.03510 0.27199 0.04560
0.13469 0.98208 1.40591 0.54494 0.61590 4.01332 1.94440 0.73672 0.00045 2.18465 0.58094 0.00071 2.50051 1.31712 0.03739
1.17239 0.92333 1.91261 0.24361 0.58794 1.23706 0.43781 0.46108 0.00020 7.19844 1.74108 0.00223 6.71359 0.38182 0.06873
0.81227 1.08730 1.37996 0.39822 0.43119 1.06169 0.57231 0.69524 0.01855 8.22637 1.24394 0.00839 4.33263 0.31149 0.02851
1.52528 0.95429 1.91263 0.34310 0.13513 1.38538 4.29149 0.76975 0.01706 5.04317 1.98120 0.00925 1.80999 0.35819 0.04515
1.00573 1.09944 0.74226 0.77687 0.46934 1.56318 0.47828 0.75392 0.01062 8.08146 0.75229 0.03369 3.60706 0.93623 0.05121
0.64900 1.00602 1.72907 0.14361 0.37906 9.42554 2.86870 0.76521 0.00316 8.21395 0.01555 0.02411 1.25518 0.58376 0.09502
1.82491 1.07401 1.22528 0.20694 0.41138 1.66043 7.76993 0.68264 0.01968 0.59822 0.11743 0.04534 4.29256 0.22415 0.03884
1.97125 0.95122 1.97523 0.45769 0.47944 0.95186 1.19246 0.80103 0.01336 2.49404 0.19204 0.00991 6.68322 0.56914 0.05217
0.44942 1.02309 1.77421 0.33488 0.44508 0.54672 3.00641 0.97361 0.00000 1.36726 0.38700 0.00080 7.70340 4.97486 0.05752
0.98261 1.01575 1.49868 0.31919 0.41162 0.98462 0.56256 0.74492 0.00767 7.41245 1.78819 0.00233 4.07060 0.32542 0.04698
1.18994 0.93389 1.35401 0.62930 0.02828 1.11502 0.50551 0.46123 0.00283 2.02363 0.38757 0.00229 1.65129 1.25676 0.03491
1.64054 1.06468 0.74788 0.84333 0.45908 0.83329 0.82683 0.94894 0.00019 2.41917 0.46328 0.00392 3.35463 2.26439 0.04487
1.27718 0.97707 1.84527 0.68567 0.62979 1.65007 0.77907 0.94812 0.00012 4.96120 1.23472 0.00033 1.50496 3.59752 0.08455
1.57552 1.05604 0.89908 0.38729 0.48467 0.20197 1.54295 0.97320 0.00222 4.02658 0.37408 0.00188 3.57150 0.38483 0.07329
0.88513 0.94691 1.36727 0.69261 0.85921 2.55788 1.05461 0.53489 0.00371 0.35880 0.53943 0.00061 2.33821 1.14084 0.02865
0.55042 0.99978 1.69187 0.54468 0.60361 3.32326 2.69522 0.57219 0.00115 0.44286 0.86658 0.00063 3.33504 2.12836 0.04175
0.28535 1.08020 1.84236 0.36976 0.38865 0.92983 0.89203 0.95683 0.00043 8.41015 1.61111 0.00541 9.10499 0.59763 0.05459
0.99733 1.07860 0.67899 0.76790 0.59358 1.68579 0.26835 0.50696 0.00351 1.99043 0.30603 0.03217 2.66826 1.04698 0.06267
1.76882 0.99574 1.79776 0.44210 0.51461 0.68442 1.32527 0.95680 0.00108 3.06526 1.16466 0.00447 6.21926 0.42351 0.05154
1.12256 1.00575 1.35490 0.72541 0.81134 1.21295 1.16942 0.83202 0.00477 2.15554 0.56328 0.01399 9.67991 0.75003 0.04299
0.84187 1.09021 1.00970 0.58218 0.57030 2.02760 2.07714 0.46133 0.00733 1.01918 0.61926 0.01738 1.83947 2.71776 0.03363
0.82129 1.09044 1.29179 0.43218 0.53775 2.84828 6.30406 0.50103 0.00316 0.34077 0.38452 0.00059 1.68168 3.54029 0.03706
1.44868 1.09547 0.71607 0.40972 0.62801 0.91995 0.44166 0.70632 0.00016 5.32664 0.89327 0.02218 7.37722 0.48554 0.05473
0.88921 0.92910 1.19079 0.25829 0.22153 0.77163 1.44000 0.95260 0.00010 3.54905 0.21347 0.00111 4.51441 0.42595 0.04593
0.61725 1.05416 1.96770 0.35764 0.66747 1.24014 0.52901 0.85289 0.00097 9.42844 0.63557 0.00368 7.09107 0.58669 0.05815
1.18106 0.92601 1.41252 0.55100 0.02888 2.46064 0.41700 0.53450 0.00979 3.90306 0.39239 0.03163 3.50800 2.51496 0.05273
0.26529 1.05907 1.85612 0.25017 0.10517 2.88364 2.36846 0.71813 0.00015 3.77496 0.07673 0.00094 1.69697 1.60134 0.03549
1.29106 1.06421 1.22250 0.54347 0.49418 1.38303 0.11287 0.75468 0.00147 4.02654 0.79872 0.01305 2.99691 0.74897 0.06345
1.85355 1.08834 1.96763 0.08987 0.49055 0.38119 6.37285 0.96148 0.00753 2.45606 0.03855 0.01783 3.04496 0.38185 0.06782
1.76363 0.93224 1.05066 0.29278 0.53974 1.09357 0.18183 0.52661 0.01875 4.07936 1.36984 0.00351 9.15334 0.68213 0.07562
1.19133 0.99300 0.88555 0.62077 0.47672 1.58181 0.76895 0.66159 0.00218 1.36806 1.02804 0.00144 3.61596 1.09234 0.03367
0.83329 1.04932 1.05144 0.73559 0.56109 1.57314 0.37948 0.71591 0.00223 2.68495 0.64228 0.01835 8.28657 0.72567 0.04278
1.39744 1.04826 1.69115 0.35465 0.12328 0.01801 0.78515 0.68615 0.00782 4.79378 0.07053 0.01432 1.64595 2.19928 0.07582
1.81517 1.01070 1.89127 0.61122 0.74595 1.75666 0.19426 0.93875 0.00023 6.64715 1.59517 0.00870 2.70571 0.59524 0.06034
1.37482 0.93121 1.98795 0.52877 0.63426 0.51612 1.02661 0.97657 0.00814 1.33843 0.57185 0.00324 5.02267 1.36872 0.04046
1.02298 1.00963 1.72431 0.73859 0.79833 0.77002 0.55564 0.87100 0.00051 0.71047 1.97663 0.00365 2.68542 1.00260 0.05222
0.71713 1.06579 1.06191 0.67808 0.39560 1.42252 0.47705 0.62206 0.00364 3.11499 0.02526 0.03344 6.00327 0.16016 0.03458
0.91609 1.07499 1.20738 0.25630 0.04975 1.26889 1.05359 0.56052 0.00071 9.97054 1.89451 0.00856 1.52147 1.79610 0.07913
0.89294 0.97718 1.23642 0.44438 0.33975 0.81104 1.20380 0.56662 0.02108 1.23376 0.66865 0.00825 5.17215 0.76619 0.04885
0.22104 0.91358 1.61776 0.32700 0.45006 1.27992 1.44264 0.96024 0.01263 9.48687 1.92507 0.00220 6.36560 0.51142 0.06155
0.56615 1.09797 1.14623 0.29660 0.42366 0.74537 2.09147 0.90745 0.01102 3.93847 1.95874 0.02522 1.33133 1.07875 0.06602
0.51079 1.05099 1.14327 0.60050 0.60417 1.47059 0.27334 0.83835 0.00137 6.52477 0.01345 0.00616 6.67803 0.69303 0.05306
1.82577 0.91074 1.46146 0.28822 0.03239 1.68333 2.64634 0.17198 0.00955 1.30578 0.15380 0.00137 1.61163 2.42496 0.06553
0.19636 0.96975 1.06729 0.50572 0.51429 1.95569 0.59306 0.60697 0.00332 4.06589 0.22156 0.00313 5.59048 0.29652 0.03673
1.81981 0.93056 1.81628 0.74194 0.31176 2.35128 0.03742 0.30291 0.00428 1.41464 0.28836 0.00409 1.85754 2.30607 0.07815
0.36056 1.08751 0.69361 0.36405 0.44787 4.36877 1.44972 0.54341 0.00044 2.96619 0.83681 0.00430 2.26803 3.21936 0.07002
1.89594 1.09667 0.99776 0.81552 0.25261 2.78138 2.87027 0.29264 0.02543 0.05457 0.93384 0.00577 1.17514 0.48095 0.06080
0.51746 0.94211 1.46352 0.78232 0.56176 5.85775 8.37095 0.05984 0.00662 5.36881 0.91618 0.03139 1.31693 1.20286 0.08849
0.79565 0.93252 1.87330 0.14583 0.64376 0.81153 0.96056 0.43328 0.04854 4.82548 0.01387 0.00907 3.25482 0.52472 0.06344
1.11843 1.07978 1.10351 0.66249 0.42974 1.23570 0.26638 0.67189 0.00121 8.08595 1.32221 0.02083 7.98338 0.74892 0.04648
1.16819 0.98183 1.55036 0.61426 0.44434 1.13330 0.67352 0.70553 0.02787 2.31361 1.17638 0.02680 8.00862 0.29101 0.02541
0.83042 1.08110 0.68945 0.58865 0.28196 1.55552 0.81505 0.58224 0.00044 3.71514 1.12542 0.00691 1.04735 1.94996 0.04357
0.88302 0.99911 0.71558 0.44657 0.70225 1.55643 0.57684 0.67730 0.00397 3.42896 1.56520 0.00234 6.36905 0.77082 0.05335
0.70575 0.98823 1.43756 0.68811 0.89367 0.73680 0.02477 0.81933 0.00801 1.56898 0.97000 0.04414 6.53199 0.75536 0.05530
1.28316 1.08575 1.43121 0.47872 0.15265 8.68438 1.06461 0.72124 0.00054 0.34006 0.03790 0.00308 2.32992 0.71472 0.04170
0.86088 0.97973 1.65106 0.36077 0.01922 0.37544 2.24622 0.49057 0.00383 0.64001 0.10414 0.00046 1.82914 2.23346 0.03008
1.69176 1.00245 1.50773 0.23838 0.30685 8.14205 0.05836 0.99276 0.03226 0.59444 0.01478 0.01515 3.49145 0.40701 0.08043
0.86369 1.01131 0.82924 0.56093 0.37132 1.35497 0.77987 0.53788 0.01138 1.66153 0.46132 0.02274 7.68786 0.19781 0.04850
0.81865 1.09422 0.83088 0.43027 0.41067 1.51472 0.67025 0.38759 0.00006 4.55684 0.26652 0.00455 1.20763 2.36760 0.08879
0.97247 0.93562 1.21266 0.15669 0.52852 2.21643 0.89257 0.26540 0.00597 0.57087 1.11288 0.00026 1.60404 1.47987 0.07342
1.52215 1.00185 1.73500 0.36818 0.47592 0.50948 0.36160 0.93730 0.01864 8.78049 0.28777 0.00331 4.71908 0.29467 0.05908
1.44793 0.98909 1.28719 0.52359 0.53536 1.23859 1.07294 0.69251 0.01595 2.91691 0.78989 0.02172 8.59943 0.67804 0.05496
1.49187 0.99780 0.85206 0.83349 0.83054 3.26843 1.60604 0.69339 0.00560 1.38000 0.38279 0.00446 4.76049 0.61880 0.05266
0.84518 1.01259 1.05913 0.57620 0.72465 2.04944 0.46394 0.95066 0.00158 9.67803 0.82770 0.00229 2.92904 0.93059 0.06781
1.74168 1.05561 1.67768 0.42506 0.59611 0.32746 0.71871 0.71766 0.00437 3.52974 0.03528 0.00604 1.69697 0.81686 0.08974
0.73850 0.97373 1.61280 0.38523 0.54651 0.82695 0.39863 0.81177 0.00046 4.66133 1.74172 0.00407 5.01891 0.41883 0.04296
0.51249 1.09536 1.29423 0.51115 0.63118 2.46924 0.86357 0.75153 0.00029 3.01871 1.25875 0.01808 5.63594 2.93725 0.05629
1.35075 1.07929 0.64349 0.42826 0.60469 0.85331 0.58128 0.98999 0.00128 8.97194 1.79401 0.00393 4.38786 0.26061 0.05327
1.19714 1.08093 0.54477 0.35771 0.31914 1.20260 1.37759 0.86669 0.00014 4.43724 0.95026 0.00997 9.11062 0.69067 0.04780
1.52318 1.09945 1.54543 0.51078 0.57717 1.12238 0.74663 0.87513 0.00392 8.86413 0.85558 0.00397 2.84279 0.97708 0.07179
1.14310 1.00493 0.93255 0.71480 0.84837 1.07637 0.81761 0.93878 0.00230 3.83338 0.84776 0.00824 6.04146 0.92583 0.03857
1.31739 0.97958 1.80954 0.64832 0.51745 1.10205 0.53965 0.73960 0.00226 3.02556 0.57723 0.00996 3.96126 0.64455 0.04741
0.23749 0.92850 1.91624 0.62473 0.30155 2.94501 0.80283 0.79920 0.00016 7.10114 0.13177 0.00029 2.89806 1.96958 0.04316
0.32500 0.94113 1.36639 0.48435 0.57674 1.77256 0.13582 0.64346 0.00026 6.65605 0.42409 0.00081 1.90173 0.77251 0.04249
1.04695 0.94381 1.83096 0.35225 0.02547 1.64279 0.42134 0.36263 0.00817 1.19500 0.26831 0.00114 1.00035 1.73204 0.04851
0.12861 0.95373 1.90067 0.45028 0.44392 1.89790 1.16926 0.91859 0.00006 5.50554 0.94696 0.00129 5.32195 0.50906 0.03373
0.21088 1.06999 1.04001 0.56964 0.74961 0.08816 0.39666 0.98202 0.00025 1.27414 0.24701 0.00499 5.94454 1.38364 0.06743
0.68095 0.98915 1.85809 0.40456 0.42977 0.92153 0.84581 0.73281 0.00015 4.88149 0.01327 0.00139 4.83226 0.71664 0.03597
0.29292 1.00142 1.90094 0.40038 0.50932 2.95834 1.72199 0.99462 0.00025 6.17563 0.82509 0.00014 1.27029 4.38253 0.08061
0.34980 0.90052 1.99317 0.35769 0.84081 4.20317 5.22188 0.95763 0.00499 2.38174 0.32762 0.00069 2.66192 2.93769 0.06345
0.33115 0.92858 1.50333 0.37884 0.28337 2.86186 0.10309 0.76895 0.00877 9.06539 0.11913 0.00155 5.65276 0.86888 0.03393
0.32473 1.00833 0.90826 0.32429 0.30102 0.79955 0.19252 0.63031 0.00002 2.75026 0.38699 0.00028 2.47786 2.26591 0.03314
1.52083 0.92554 0.71779 0.58641 0.19682 1.81785 0.42090 0.46260 0.00925 4.01156 0.13642 0.00506 2.53871 1.71921 0.04971
0.47590 0.90508 1.93847 0.18205 0.75003 3.78284 2.20931 0.65909 0.01921 1.63945 0.14229 0.00244 2.99594 1.21446 0.05735
1.31187 1.09097 0.65398 0.86124 0.71936 1.20260 0.48220 0.85810 0.00639 8.33633 0.34398 0.01764 3.81117 1.28190 0.04025
1.51343 1.05641 1.58838 0.25543 0.47478 0.82318 1.14739 0.69133 0.00060 4.25757 0.14208 0.00957 3.47624 0.69529 0.05307
0.90854 1.08962 1.75146 0.53639 0.30147 0.83737 0.42987 0.39188 0.01044 1.49542 0.58480 0.02285 4.92238 0.83158 0.04858
1.22126 1.09525 0.74592 0.71968 0.41801 0.92691 1.49212 0.69262 0.00031 0.51538 0.91246 0.00492 2.40941 1.07736 0.02778
0.37950 0.97384 1.44696 0.37479 0.61597 1.67274 0.18878 0.71181 0.00000 8.89443 1.45246 0.00284 5.18294 1.99307 0.09282
1.08707 0.99065 1.67221 0.31319 0.66779 0.75750 0.90584 0.89583 0.00094 9.20658 0.81282 0.00187 4.79586 0.41124 0.05737
1.18327 1.09622 0.55101 0.61858 0.38809 0.65727 0.94401 0.99438 0.00612 7.17222 0.01258 0.00782 3.86046 0.78632 0.02925
0.55993 0.90153 1.75201 0.16836 0.42723 7.25124 6.42012 0.49806 0.02915 0.45405 0.26621 0.00774 4.94830 0.69782 0.04736
0.86583 1.02718 0.54199 0.60177 0.21864 1.45774 0.61431 0.61440 0.00100 6.85093 0.44848 0.00547 2.44723 0.28274 0.04900
1.28171 1.06503 1.75180 0.63635 0.36912 1.09179 0.25088 0.61192 0.00042 6.90960 1.72005 0.01240 3.20982 0.87793 0.05238
1.15028 1.00533 0.79531 0.94335 0.10493 1.89542 0.49611 0.72529 0.00709 4.08694 0.85206 0.01537 2.15537 1.23250 0.06219
1.73930 0.97657 1.49107 0.40595 0.57538 1.29353 0.75638 0.81055 0.00060 5.42747 0.57931 0.00029 5.61080 0.41887 0.03237
1.34768 1.06572 0.86327 0.28051 0.61531 1.34439 0.47851 0.65825 0.01039 3.75591 0.26498 0.00555 3.55362 0.33668 0.06186
1.60825 1.09451 1.11520 0.01054 0.41300 0.18983 6.37041 0.78441 0.03335 9.11197 0.71465 0.03382 2.56017 0.28438 0.07362
0.95446 0.97593 0.53600 0.44640 0.38310 1.07506 0.97540 0.77616 0.00024 8.87986 0.14642 0.00343 5.73544 0.24015 0.03407
0.54272 0.90669 1.90966 0.26153 0.24624 4.01732 7.64411 0.68062 0.01032 1.70162 0.22126 0.00152 2.50611 1.02594 0.02441
1.35985 0.94894 1.26868 0.48874 0.48712 1.51548 1.04261 0.87326 0.00097 8.38093 0.96378 0.00248 4.76391 0.57032 0.05269
0.51055 1.04414 1.80958 0.61252 0.27059 1.69372 1.30491 0.60625 0.00002 5.34126 1.03983 0.01325 1.46271 3.30126 0.07146
1.79171 1.09082 0.92032 0.88552 0.88839 1.04497 1.07896 0.88366 0.00026 0.65724 0.65562 0.00892 6.71665 0.85853 0.04083
1.79616 0.94851 0.92745 0.34529 0.28427 2.32464 0.97790 0.56956 0.00541 8.99656 0.19464 0.00182 3.98811 0.23038 0.03244
1.47546 1.04456 1.07992 0.35622 0.10681 1.50149 0.23729 0.29876 0.01249 1.49119 0.39396 0.01268 1.62213 2.98590 0.05710
1.70037 1.01927 1.14232 0.94583 0.25611 1.36542 0.36406 0.79702 0.00041 9.39998 1.97098 0.01449 4.45922 4.29564 0.05111
1.11793 0.96222 1.27087 0.47373 0.65580 1.65237 0.78437 0.76832 0.00023 9.73322 0.12321 0.00033 5.23292 0.44807 0.03862
0.64628 1.07680 1.60165 0.52521 0.71765 3.22236 1.26149 0.68800 0.00012 2.21058 0.23115 0.04396 6.10859 2.40973 0.04345
0.80888 0.96822 1.99650 0.35204 0.52437 0.40713 1.53863 0.85234 0.00013 0.85966 1.25154 0.00198 3.16282 1.18692 0.04649
1.25144 0.95992 0.77052 0.41889 0.37026 1.43596 0.71060 0.61358 0.00273 6.00496 0.07381 0.01051 9.22383 0.11614 0.02513
0.61482 0.96180 1.27126 0.32289 0.29609 1.50242 0.77862 0.65415 0.00472 9.41191 0.48097 0.00393 2.93438 0.90805 0.06033
1.18673 1.02618 0.74933 0.33302 0.44337 1.21185 0.59746 0.73741 0.00020 6.53867 0.99824 0.00394 2.42977 0.68129 0.07193
1.63886 1.01828 0.60394 0.42476 0.43377 1.09736 0.57956 0.65953 0.00362 4.46073 1.89665 0.01274 5.37430 0.36212 0.04084
0.76228 1.00075 1.87376 0.46773 0.68187 1.53745 0.92981 0.90979 0.00016 2.15473 0.93272 0.00149 3.03018 0.68581 0.05544
0.52583 1.07360 0.77583 0.32346 0.49335 1.19212 0.77006 0.70500 0.00048 5.25006 0.38993 0.00443 2.67996 0.42764 0.06325
