% gamma kappa eta1 sig lam mup sigp rsmax alpha alpha1 alpha2 betam1 n kappa_k res_min
1.98715 0.95800 1.72621 0.37289 0.57040 0.66887 0.45233 0.68311 0.00001 9.06500 0.79542 0.00212 1.37502 1.79170 0.08933
1.18106 0.92601 1.41252 0.55100 0.02888 2.46064 0.41700 0.53450 0.00979 3.90306 0.39239 0.03163 3.50800 2.51496 0.05273
1.19272 0.90051 1.89173 0.60723 0.59987 9.46492 8.88038 0.16602 0.00175 0.03318 0.80873 0.01319 3.75137 1.34743 0.09672
0.56615 1.09797 1.14623 0.29660 0.42366 0.74537 2.09147 0.90745 0.01102 3.93847 1.95874 0.02522 1.33133 1.07875 0.06602
1.70037 1.01927 1.14232 0.94583 0.25611 1.36542 0.36406 0.79702 0.00041 9.39998 1.97098 0.01449 4.45922 4.29564 0.05111
0.28535 1.08020 1.84236 0.36976 0.38865 0.92983 0.89203 0.95683 0.00043 8.41015 1.61111 0.00541 9.10499 0.59763 0.05459
1.60825 1.09451 1.11520 0.01054 0.41300 0.18983 6.37041 0.78441 0.03335 9.11197 0.71465 0.03382 2.56017 0.28438 0.07362
0.22104 0.91358 1.61776 0.32700 0.45006 1.27992 1.44264 0.96024 0.01263 9.48687 1.92507 0.00220 6.36560 0.51142 0.06155
1.99548 0.94001 1.65992 0.49465 0.35365 0.78493 1.08300 0.73588 0.00355 9.75452 0.64242 0.00076 1.40443 2.24475 0.04814
0.51249 1.09536 1.29423 0.51115 0.63118 2.46924 0.86357 0.75153 0.00029 3.01871 1.25875 0.01808 5.63594 2.93725 0.05629
1.35729 1.07579 0.51689 0.58708 0.48509 1.07190 0.72147 0.89135 0.00032 7.79133 1.19484 0.01131 5.28997 0.40646 0.05681
0.51079 1.05099 1.14327 0.60050 0.60417 1.47059 0.27334 0.83835 0.00137 6.52477 0.01345 0.00616 6.67803 0.69303 0.05306
1.76882 0.99574 1.79776 0.44210 0.51461 0.68442 1.32527 0.95680 0.00108 3.06526 1.16466 0.00447 6.21926 0.42351 0.05154
0.89294 0.97718 1.23642 0.44438 0.33975 0.81104 1.20380 0.56662 0.02108 1.23376 0.66865 0.00825 5.17215 0.76619 0.04885
0.52583 1.07360 0.77583 0.32346 0.49335 1.19212 0.77006 0.70500 0.00048 5.25006 0.38993 0.00443 2.67996 0.42764 0.06325
1.90577 0.94259 1.72708 0.44618 0.64172 0.62552 0.28503 0.92724 0.00009 7.99586 1.24196 0.00031 8.60376 0.48195 0.03036
0.88921 0.92910 1.19079 0.25829 0.22153 0.77163 1.44000 0.95260 0.00010 3.54905 0.21347 0.00111 4.51441 0.42595 0.04593
1.70541 0.98478 1.03367 0.39835 0.48384 0.99153 1.13867 0.52236 0.00254 8.69887 0.10625 0.00588 1.39542 1.51516 0.07813
1.28171 1.06503 1.75180 0.63635 0.36912 1.09179 0.25088 0.61192 0.00042 6.90960 1.72005 0.01240 3.20982 0.87793 0.05238
0.81227 1.08730 1.37996 0.39822 0.43119 1.06169 0.57231 0.69524 0.01855 8.22637 1.24394 0.00839 4.33263 0.31149 0.02851
1.29106 1.06421 1.22250 0.54347 0.49418 1.38303 0.11287 0.75468 0.00147 4.02654 0.79872 0.01305 2.99691 0.74897 0.06345
1.92729 1.00651 1.94175 0.63449 0.58351 1.25370 0.69420 0.94268 0.00006 6.51531 0.04537 0.00219 2.90802 1.33029 0.03907
0.50134 1.04667 0.91871 0.19538 0.16610 1.56053 1.20727 0.90586 0.00789 7.87498 1.04367 0.04703 5.56368 0.25475 0.06362
0.29321 0.99178 1.58485 0.62031 0.81081 1.47575 0.09100 0.94676 0.00034 9.00696 0.68064 0.00006 6.44180 2.88068 0.04967
1.89594 1.09667 0.99776 0.81552 0.25261 2.78138 2.87027 0.29264 0.02543 0.05457 0.93384 0.00577 1.17514 0.48095 0.06080
1.76363 0.93224 1.05066 0.29278 0.53974 1.09357 0.18183 0.52661 0.01875 4.07936 1.36984 0.00351 9.15334 0.68213 0.07562
1.22287 0.91013 1.68577 0.51573 0.20011 1.24961 1.29923 0.71408 0.00572 2.27028 0.86402 0.00138 1.23684 2.55525 0.03615
0.73949 1.00921 0.86216 0.93199 0.77681 7.97943 0.82890 0.29245 0.04211 0.43637 0.14439 0.03026 4.91985 0.21217 0.04551
1.62193 1.04061 0.62635 0.57732 0.38073 1.46342 0.56523 0.51450 0.00115 2.87914 0.18924 0.02803 6.92761 0.79508 0.06654
1.69176 1.00245 1.50773 0.23838 0.30685 8.14205 0.05836 0.99276 0.03226 0.59444 0.01478 0.01515 3.49145 0.40701 0.08043
0.28017 0.94069 1.62209 0.37469 0.22903 1.56306 0.79059 0.57778 0.01654 4.59123 0.60532 0.00970 2.59230 0.57872 0.02923
0.93097 1.04464 1.15089 0.15038 0.11253 3.95459 2.48288 0.99683 0.00197 1.05166 0.05563 0.01107 3.62777 0.19128 0.05302
0.80888 0.96822 1.99650 0.35204 0.52437 0.40713 1.53863 0.85234 0.00013 0.85966 1.25154 0.00198 3.16282 1.18692 0.04649
0.54030 1.01131 1.68415 0.23075 0.19618 1.09475 1.23593 0.67466 0.03075 4.40370 0.07216 0.02903 5.85037 0.38431 0.07659
0.16696 0.90218 1.85676 0.17693 0.40423 3.16111 7.50456 0.97599 0.01148 9.92374 0.69141 0.00254 3.68119 1.41463 0.07318
1.61364 1.09757 1.21956 0.13472 0.16361 4.96618 1.12024 0.99226 0.00038 0.31537 0.03209 0.03452 3.79816 0.57979 0.05063
0.88302 0.99911 0.71558 0.44657 0.70225 1.55643 0.57684 0.67730 0.00397 3.42896 1.56520 0.00234 6.36905 0.77082 0.05335
1.19133 0.99300 0.88555 0.62077 0.47672 1.58181 0.76895 0.66159 0.00218 1.36806 1.02804 0.00144 3.61596 1.09234 0.03367
1.73930 0.97657 1.49107 0.40595 0.57538 1.29353 0.75638 0.81055 0.00060 5.42747 0.57931 0.00029 5.61080 0.41887 0.03237
1.28316 1.08575 1.43121 0.47872 0.15265 8.68438 1.06461 0.72124 0.00054 0.34006 0.03790 0.00308 2.32992 0.71472 0.04170
1.18327 1.09622 0.55101 0.61858 0.38809 0.65727 0.94401 0.99438 0.00612 7.17222 0.01258 0.00782 3.86046 0.78632 0.02925
1.85794 1.02746 1.92909 0.15447 0.29838 3.95161 4.11172 0.99765 0.01072 2.08232 0.01164 0.00531 2.14419 0.65783 0.05890
0.89874 1.08534 1.90791 0.44933 0.54980 1.38105 0.86589 0.82567 0.00181 8.74419 0.43533 0.00173 8.90996 2.03263 0.07183
1.56337 1.05473 0.99496 0.14737 0.07399 1.97214 7.56650 0.99006 0.00127 0.64214 0.06545 0.04448 4.21865 0.38625 0.05251
1.95850 0.92440 1.66337 0.60923 0.92891 8.95614 0.67197 0.99565 0.04855 0.51706 0.01145 0.00671 3.58637 0.28377 0.07619
0.86583 1.02718 0.54199 0.60177 0.21864 1.45774 0.61431 0.61440 0.00100 6.85093 0.44848 0.00547 2.44723 0.28274 0.04900
0.83845 1.09557 0.73846 0.29644 0.11805 0.89469 1.22493 0.37925 0.01313 1.73443 0.06094 0.00806 1.08272 0.31660 0.04606
0.83042 1.08110 0.68945 0.58865 0.28196 1.55552 0.81505 0.58224 0.00044 3.71514 1.12542 0.00691 1.04735 1.94996 0.04357
0.32323 1.03172 0.92638 0.14396 0.09301 2.06673 1.23618 0.70950 0.00192 4.03894 0.07557 0.04766 3.58215 0.18124 0.03535
1.00573 1.09944 0.74226 0.77687 0.46934 1.56318 0.47828 0.75392 0.01062 8.08146 0.75229 0.03369 3.60706 0.93623 0.05121
0.23749 0.92850 1.91624 0.62473 0.30155 2.94501 0.80283 0.79920 0.00016 7.10114 0.13177 0.00029 2.89806 1.96958 0.04316
1.39744 1.04826 1.69115 0.35465 0.12328 0.01801 0.78515 0.68615 0.00782 4.79378 0.07053 0.01432 1.64595 2.19928 0.07582
0.63332 1.06051 0.80239 0.49119 0.11340 3.00952 0.89656 0.71427 0.00498 4.31140 1.64101 0.01965 1.00313 1.98968 0.05774
1.35985 0.94894 1.26868 0.48874 0.48712 1.51548 1.04261 0.87326 0.00097 8.38093 0.96378 0.00248 4.76391 0.57032 0.05269
1.18673 1.02618 0.74933 0.33302 0.44337 1.21185 0.59746 0.73741 0.00020 6.53867 0.99824 0.00394 2.42977 0.68129 0.07193
0.29156 1.09842 1.70589 0.24344 0.13139 3.88935 3.28256 0.83134 0.00003 2.24257 0.79954 0.00415 3.27340 4.77865 0.05464
0.12861 0.95373 1.90067 0.45028 0.44392 1.89790 1.16926 0.91859 0.00006 5.50554 0.94696 0.00129 5.32195 0.50906 0.03373
0.20141 0.92282 1.84915 0.17460 0.37176 5.00991 4.00407 0.78876 0.02767 9.03156 0.41524 0.00539 2.26023 0.70514 0.04915
0.73850 0.97373 1.61280 0.38523 0.54651 0.82695 0.39863 0.81177 0.00046 4.66133 1.74172 0.00407 5.01891 0.41883 0.04296
1.11793 0.96222 1.27087 0.47373 0.65580 1.65237 0.78437 0.76832 0.00023 9.73322 0.12321 0.00033 5.23292 0.44807 0.03862
1.57822 1.00845 1.20029 0.29945 0.58438 0.19657 0.16131 0.60496 0.00139 3.30529 0.65189 0.02433 8.70866 0.33442 0.06448
1.64054 1.06468 0.74788 0.84333 0.45908 0.83329 0.82683 0.94894 0.00019 2.41917 0.46328 0.00392 3.35463 2.26439 0.04487
0.22448 1.09873 1.97949 0.15641 0.08273 5.57336 1.49838 0.75454 0.00000 1.73982 0.21662 0.04461 1.46761 1.21209 0.03336
1.52083 0.92554 0.71779 0.58641 0.19682 1.81785 0.42090 0.46260 0.00925 4.01156 0.13642 0.00506 2.53871 1.71921 0.04971
1.49187 0.99780 0.85206 0.83349 0.83054 3.26843 1.60604 0.69339 0.00560 1.38000 0.38279 0.00446 4.76049 0.61880 0.05266
0.14697 0.93862 1.87739 0.17409 0.06368 2.47239 1.70280 0.80200 0.00162 4.36544 0.90577 0.02128 1.64619 0.65813 0.02756
0.64276 1.02634 1.81534 0.38616 0.72177 3.43547 6.10017 0.13914 0.00423 0.20414 0.01980 0.02896 3.92916 0.96127 0.04628
0.33800 1.02424 1.83978 0.14759 0.09165 1.24648 1.36112 0.98868 0.00091 7.29100 0.11541 0.04633 2.68659 0.28146 0.04124
1.83296 0.97656 1.83049 0.45665 0.57029 1.06896 1.17070 0.97682 0.00127 4.52736 1.08317 0.00311 9.32452 0.46392 0.05143
1.14310 1.00493 0.93255 0.71480 0.84837 1.07637 0.81761 0.93878 0.00230 3.83338 0.84776 0.00824 6.04146 0.92583 0.03857
1.31187 1.09097 0.65398 0.86124 0.71936 1.20260 0.48220 0.85810 0.00639 8.33633 0.34398 0.01764 3.81117 1.28190 0.04025
1.73085 1.06794 0.67742 0.41156 0.36763 1.04816 0.64669 0.62777 0.00068 8.78821 0.40591 0.00708 3.19431 0.37958 0.03473
0.76228 1.00075 1.87376 0.46773 0.68187 1.53745 0.92981 0.90979 0.00016 2.15473 0.93272 0.00149 3.03018 0.68581 0.05544
1.85676 0.98898 1.33922 0.19784 0.30500 0.12818 0.09563 0.44879 0.00201 1.52619 1.06024 0.04796 4.90985 0.26284 0.07382
1.42419 0.97031 1.92808 0.55257 0.62716 1.65373 0.50733 0.87132 0.00195 5.95652 0.83090 0.00310 3.91737 0.48190 0.03888
0.86088 0.97973 1.65106 0.36077 0.01922 0.37544 2.24622 0.49057 0.00383 0.64001 0.10414 0.00046 1.82914 2.23346 0.03008
1.22126 1.09525 0.74592 0.71968 0.41801 0.92691 1.49212 0.69262 0.00031 0.51538 0.91246 0.00492 2.40941 1.07736 0.02778
0.20329 1.02741 1.40248 0.17620 0.09344 3.05599 0.78372 0.79487 0.00005 8.32045 1.18080 0.02177 1.25572 0.77889 0.04754
0.33115 0.92858 1.50333 0.37884 0.28337 2.86186 0.10309 0.76895 0.00877 9.06539 0.11913 0.00155 5.65276 0.86888 0.03393
0.68095 0.98915 1.85809 0.40456 0.42977 0.92153 0.84581 0.73281 0.00015 4.88149 0.01327 0.00139 4.83226 0.71664 0.03597
1.35075 1.07929 0.64349 0.42826 0.60469 0.85331 0.58128 0.98999 0.00128 8.97194 1.79401 0.00393 4.38786 0.26061 0.05327
0.91298 0.99747 1.42900 0.46589 0.33976 0.11565 1.20365 0.99874 0.00307 0.88585 1.87692 0.00231 3.94507 0.63878 0.03972
0.55042 0.99978 1.69187 0.54468 0.60361 3.32326 2.69522 0.57219 0.00115 0.44286 0.86658 0.00063 3.33504 2.12836 0.04175
0.58651 1.02953 1.09210 0.22082 0.14672 1.75621 1.31346 0.71944 0.00089 2.21538 0.77883 0.03284 7.59428 0.24783 0.05328
0.30551 1.06016 1.94059 0.41516 0.16556 2.20033 0.82535 0.80990 0.00011 8.64586 1.89656 0.00110 1.38101 0.93641 0.05191
0.40909 0.90238 1.91876 0.16961 0.20541 8.36038 4.17818 0.73874 0.01647 2.25092 0.02090 0.00241 2.78672 0.65054 0.03387
1.15028 1.00533 0.79531 0.94335 0.10493 1.89542 0.49611 0.72529 0.00709 4.08694 0.85206 0.01537 2.15537 1.23250 0.06219
0.42981 1.04970 0.73885 0.43479 0.33970 1.59898 0.76761 0.77635 0.00001 8.34761 1.45869 0.00181 6.80569 0.73764 0.06878
1.26225 1.07762 1.80298 0.40894 0.55920 0.48774 0.46421 0.95278 0.00093 5.56116 1.68855 0.00505 3.58752 0.38922 0.04100
1.17239 0.92333 1.91261 0.24361 0.58794 1.23706 0.43781 0.46108 0.00020 7.19844 1.74108 0.00223 6.71359 0.38182 0.06873
0.17305 1.04659 1.87333 0.23820 0.13512 3.81912 1.78845 0.90974 0.00016 9.87465 0.84455 0.02903 1.40295 0.77082 0.04617
0.15248 0.96427 1.48079 0.13698 0.11067 3.25962 2.09422 0.81912 0.02292 6.15543 0.10467 0.01402 1.91898 1.45913 0.03778
0.61725 1.05416 1.96770 0.35764 0.66747 1.24014 0.52901 0.85289 0.00097 9.42844 0.63557 0.00368 7.09107 0.58669 0.05815
0.79565 0.93252 1.87330 0.14583 0.64376 0.81153 0.96056 0.43328 0.04854 4.82548 0.01387 0.00907 3.25482 0.52472 0.06344
1.49205 1.00421 0.58148 0.90992 0.56099 1.50571 1.07189 0.96934 0.00092 3.49295 0.53461 0.00361 5.27121 1.60906 0.05272
0.55993 0.90153 1.75201 0.16836 0.42723 7.25124 6.42012 0.49806 0.02915 0.45405 0.26621 0.00774 4.94830 0.69782 0.04736
0.99733 1.07860 0.67899 0.76790 0.59358 1.68579 0.26835 0.50696 0.00351 1.99043 0.30603 0.03217 2.66826 1.04698 0.06267
1.08707 0.99065 1.67221 0.31319 0.66779 0.75750 0.90584 0.89583 0.00094 9.20658 0.81282 0.00187 4.79586 0.41124 0.05737
0.12380 0.99555 1.98907 0.18597 0.05125 0.79373 0.09497 0.64741 0.00001 9.76776 0.90194 0.02900 3.10227 0.94511 0.06493
1.47546 1.04456 1.07992 0.35622 0.10681 1.50149 0.23729 0.29876 0.01249 1.49119 0.39396 0.01268 1.62213 2.98590 0.05710
0.89760 0.92972 1.53650 0.47477 0.57106 1.66413 0.47995 0.93445 0.00994 7.81011 1.70671 0.00163 9.57355 0.30436 0.03665
1.79616 0.94851 0.92745 0.34529 0.28427 2.32464 0.97790 0.56956 0.00541 8.99656 0.19464 0.00182 3.98811 0.23038 0.03244
0.72670 0.96689 1.11907 0.29869 0.26060 2.73697 6.93725 0.78436 0.00176 0.73030 0.50897 0.04638 2.77971 1.61403 0.03219
1.37482 0.93121 1.98795 0.52877 0.63426 0.51612 1.02661 0.97657 0.00814 1.33843 0.57185 0.00324 5.02267 1.36872 0.04046
0.97247 0.93562 1.21266 0.15669 0.52852 2.21643 0.89257 0.26540 0.00597 0.57087 1.11288 0.00026 1.60404 1.47987 0.07342
0.20309 1.07269 0.90803 0.16488 0.24723 3.64607 3.70012 0.84247 0.03474 0.51528 0.25225 0.03570 2.36852 0.35004 0.03355
1.98374 1.01642 1.36491 0.24098 0.19673 1.97621 3.33313 0.88062 0.00009 1.30042 0.43418 0.04711 7.55413 0.41746 0.05992
1.67260 1.00697 1.73319 0.54085 0.35403 1.60591 0.52666 0.71175 0.00026 1.55576 1.67024 0.00185 2.25601 1.15323 0.03867
0.30151 0.91730 1.95916 0.49421 0.53486 1.79654 0.01428 0.60240 0.01252 7.44158 1.27037 0.04800 1.13520 0.94310 0.06204
0.11779 0.90398 1.96213 0.31618 0.51634 3.61898 7.32098 0.01256 0.02109 8.48836 1.63250 0.04196 6.44181 1.50273 0.09342
1.51343 1.05641 1.58838 0.25543 0.47478 0.82318 1.14739 0.69133 0.00060 4.25757 0.14208 0.00957 3.47624 0.69529 0.05307
1.81517 1.01070 1.89127 0.61122 0.74595 1.75666 0.19426 0.93875 0.00023 6.64715 1.59517 0.00870 2.70571 0.59524 0.06034
0.32500 0.94113 1.36639 0.48435 0.57674 1.77256 0.13582 0.64346 0.00026 6.65605 0.42409 0.00081 1.90173 0.77251 0.04249
1.72286 1.07244 0.55475 0.16576 0.15245 1.61167 1.97347 0.98402 0.00025 5.20336 1.63324 0.04151 2.23650 0.22492 0.06059
1.16819 0.98183 1.55036 0.61426 0.44434 1.13330 0.67352 0.70553 0.02787 2.31361 1.17638 0.02680 8.00862 0.29101 0.02541
0.17854 1.02774 1.70324 0.02947 0.09528 1.98334 1.47071 0.73324 0.01883 3.45402 0.04084 0.02937 2.22103 0.26556 0.03909
0.61482 0.96180 1.27126 0.32289 0.29609 1.50242 0.77862 0.65415 0.00472 9.41191 0.48097 0.00393 2.93438 0.90805 0.06033
0.87060 1.07396 0.64377 0.86394 0.58756 2.24668 0.40053 0.66611 0.00057 9.96497 0.31629 0.01586 3.40833 2.16091 0.08053
0.91395 0.95172 1.47450 0.83790 0.44171 0.16887 0.92549 0.57554 0.03074 0.26259 0.46662 0.00478 1.38053 2.87940 0.03739
0.99605 1.01851 0.66660 0.36728 0.12933 0.96556 0.78901 0.66703 0.00318 2.32916 1.99796 0.00272 2.25820 0.38454 0.06665
0.88513 0.94691 1.36727 0.69261 0.85921 2.55788 1.05461 0.53489 0.00371 0.35880 0.53943 0.00061 2.33821 1.14084 0.02865
1.37794 0.98023 1.95738 0.71022 0.45337 2.25662 0.61702 0.62694 0.00096 1.06969 1.15363 0.01420 1.58856 1.82443 0.09035
0.74171 0.94301 1.38952 0.55727 0.71059 0.38427 0.76941 0.96923 0.00379 0.66814 1.01754 0.00081 5.03211 0.81487 0.04569
0.20239 0.98345 1.49283 0.06478 0.16837 9.25041 1.55952 0.91434 0.04154 6.28857 0.93332 0.00695 3.88981 0.65178 0.09161
0.57076 1.06716 1.07821 0.82847 0.78171 1.29258 0.89715 0.93874 0.00121 6.80800 0.53455 0.03190 8.36569 2.96768 0.08395
1.04695 0.94381 1.83096 0.35225 0.02547 1.64279 0.42134 0.36263 0.00817 1.19500 0.26831 0.00114 1.00035 1.73204 0.04851
0.91038 1.03592 1.72682 0.79504 0.08872 0.83795 0.83529 0.88552 0.00124 6.50680 0.40163 0.00603 2.96800 2.84026 0.07311
1.12998 0.90813 1.94775 0.24687 0.60602 1.24047 2.79743 0.96518 0.01350 1.36034 0.50724 0.00110 3.84215 0.47801 0.06581
1.38541 1.01360 1.75989 0.21723 0.29501 3.20789 1.42183 0.84486 0.03011 0.17677 1.37628 0.04995 3.51706 0.20392 0.04679
0.15162 1.07062 1.38574 0.26432 0.24229 4.81193 2.79079 0.98787 0.00013 4.69515 1.83680 0.01821 8.01895 0.90090 0.04864
0.47590 0.90508 1.93847 0.18205 0.75003 3.78284 2.20931 0.65909 0.01921 1.63945 0.14229 0.00244 2.99594 1.21446 0.05735
0.81865 1.09422 0.83088 0.43027 0.41067 1.51472 0.67025 0.38759 0.00006 4.55684 0.26652 0.00455 1.20763 2.36760 0.08879
0.24244 1.05325 0.92881 0.38261 0.14595 4.55089 0.26412 0.98576 0.00015 9.61887 1.67180 0.00316 3.12457 4.25198 0.04861
0.54272 0.90669 1.90966 0.26153 0.24624 4.01732 7.64411 0.68062 0.01032 1.70162 0.22126 0.00152 2.50611 1.02594 0.02441
0.68576 0.98110 1.13172 0.42260 0.65159 0.87109 0.97315 0.67327 0.02257 1.71213 1.87874 0.00922 5.03588 1.10506 0.04749
0.86369 1.01131 0.82924 0.56093 0.37132 1.35497 0.77987 0.53788 0.01138 1.66153 0.46132 0.02274 7.68786 0.19781 0.04850
0.27604 1.09934 1.03333 0.13156 0.08957 5.76127 6.75315 0.96533 0.00004 1.67077 0.37848 0.00531 1.85436 2.03708 0.04489
1.10959 0.91486 1.43854 0.22054 0.26254 1.27845 0.70091 0.51289 0.03167 2.53631 0.78562 0.00641 3.77856 0.33838 0.03977
1.40504 0.90815 0.50188 0.48596 0.68235 0.67907 0.57241 0.99338 0.00092 7.93100 1.43614 0.00100 2.41994 0.39314 0.03929
0.69657 1.05952 1.33989 0.37582 0.39301 0.90748 0.76832 0.74257 0.00045 5.46895 0.90154 0.01359 8.66330 0.44619 0.04761
0.37950 0.97384 1.44696 0.37479 0.61597 1.67274 0.18878 0.71181 0.00000 8.89443 1.45246 0.00284 5.18294 1.99307 0.09282
0.70575 0.98823 1.43756 0.68811 0.89367 0.73680 0.02477 0.81933 0.00801 1.56898 0.97000 0.04414 6.53199 0.75536 0.05530
0.26529 1.05907 1.85612 0.25017 0.10517 2.88364 2.36846 0.71813 0.00015 3.77496 0.07673 0.00094 1.69697 1.60134 0.03549
0.23918 1.07190 0.72551 0.20984 0.04993 5.16304 0.71384 0.80791 0.00002 5.58486 1.62170 0.00285 1.10564 3.73859 0.04346
0.90854 1.08962 1.75146 0.53639 0.30147 0.83737 0.42987 0.39188 0.01044 1.49542 0.58480 0.02285 4.92238 0.83158 0.04858
1.44868 1.09547 0.71607 0.40972 0.62801 0.91995 0.44166 0.70632 0.00016 5.32664 0.89327 0.02218 7.37722 0.48554 0.05473
1.08125 1.01219 1.40055 0.72571 0.47128 1.60418 2.10611 0.92697 0.00118 7.44671 0.18695 0.00685 7.18280 2.49401 0.06369
0.41015 1.08780 1.56882 0.10212 0.38975 5.24427 1.15165 0.58688 0.00191 0.57458 1.69955 0.04551 1.41483 1.83263 0.09028
0.13438 0.93988 1.08170 0.31714 0.31770 1.18791 0.76344 0.69657 0.00011 5.12241 0.31644 0.00142 2.33968 1.03284 0.02895
1.76903 0.90508 0.92317 0.58485 0.19554 1.20005 1.36755 0.57204 0.01601 2.47593 0.41572 0.00688 2.31773 1.87494 0.04277
1.52528 0.95429 1.91263 0.34310 0.13513 1.38538 4.29149 0.76975 0.01706 5.04317 1.98120 0.00925 1.80999 0.35819 0.04515
1.97125 0.95122 1.97523 0.45769 0.47944 0.95186 1.19246 0.80103 0.01336 2.49404 0.19204 0.00991 6.68322 0.56914 0.05217
1.44815 1.06844 1.35310 0.33881 0.35513 0.67187 0.91657 0.54195 0.00016 4.92341 1.82466 0.00566 1.47608 1.53802 0.08741
0.51055 1.04414 1.80958 0.61252 0.27059 1.69372 1.30491 0.60625 0.00002 5.34126 1.03983 0.01325 1.46271 3.30126 0.07146
1.11027 1.02223 0.81343 0.52532 0.48292 1.45088 0.85413 0.76469 0.00027 8.69273 1.67047 0.00381 1.68456 1.03937 0.07230
0.36056 1.08751 0.69361 0.36405 0.44787 4.36877 1.44972 0.54341 0.00044 2.96619 0.83681 0.00430 2.26803 3.21936 0.07002
0.51746 0.94211 1.46352 0.78232 0.56176 5.85775 8.37095 0.05984 0.00662 5.36881 0.91618 0.03139 1.31693 1.20286 0.08849
1.24727 1.09414 0.79235 0.25032 0.73413 6.29549 1.27737 0.92586 0.01334 0.36817 0.59120 0.00664 1.67828 3.54204 0.04725
1.57552 1.05604 0.89908 0.38729 0.48467 0.20197 1.54295 0.97320 0.00222 4.02658 0.37408 0.00188 3.57150 0.38483 0.07329
0.45605 1.03776 1.58549 0.54527 0.46382 0.68332 0.25843 0.98500 0.00006 7.70862 0.36648 0.00075 9.31075 2.13237 0.02999
0.53096 1.08827 1.97292 0.23135 0.15994 5.95947 0.57509 0.78275 0.00016 1.53863 1.49591 0.02975 1.36426 3.56933 0.05250
1.59361 0.99743 1.64943 0.30572 0.51048 8.49660 9.65723 0.22792 0.00198 0.36659 0.13221 0.00253 2.25758 1.64729 0.05051
1.18994 0.93389 1.35401 0.62930 0.02828 1.11502 0.50551 0.46123 0.00283 2.02363 0.38757 0.00229 1.65129 1.25676 0.03491
1.82491 1.07401 1.22528 0.20694 0.41138 1.66043 7.76993 0.68264 0.01968 0.59822 0.11743 0.04534 4.29256 0.22415 0.03884
0.83329 1.04932 1.05144 0.73559 0.56109 1.57314 0.37948 0.71591 0.00223 2.68495 0.64228 0.01835 8.28657 0.72567 0.04278
1.25144 0.95992 0.77052 0.41889 0.37026 1.43596 0.71060 0.61358 0.00273 6.00496 0.07381 0.01051 9.22383 0.11614 0.02513
0.65541 0.91446 1.15017 0.42711 0.34616 6.63477 4.91932 0.74512 0.00440 3.39267 0.30954 0.00228 5.01058 0.83014 0.04891
0.91433 1.02391 1.92966 0.57232 0.74553 1.72943 0.12379 0.83408 0.00004 4.61234 1.95188 0.01053 1.77274 0.86094 0.06771
0.67293 1.09768 0.69351 0.47225 0.42841 1.69641 0.74409 0.64490 0.00003 4.04678 1.97938 0.00481 2.05993 0.74043 0.03786
1.79287 1.09524 0.50736 0.46387 0.34894 1.57522 0.91984 0.80570 0.00012 3.89807 1.41797 0.01313 9.67177 0.57311 0.05216
1.11983 0.94393 1.88347 0.37668 0.55987 0.40348 0.93577 0.84934 0.00136 1.20182 1.66820 0.00085 3.48623 1.95563 0.05496
1.63299 1.08101 1.05420 0.24966 0.87643 5.15464 6.77921 0.86043 0.02250 1.37068 0.02270 0.00683 1.96855 0.64833 0.07126
0.95446 0.97593 0.53600 0.44640 0.38310 1.07506 0.97540 0.77616 0.00024 8.87986 0.14642 0.00343 5.73544 0.24015 0.03407
1.32852 0.90987 0.97288 0.68117 0.54435 0.80528 1.86696 0.91153 0.01063 1.51557 0.45711 0.00335 8.72887 0.69476 0.03565
0.89938 1.03617 0.50956 0.56951 0.32897 0.59889 1.54549 0.52756 0.00022 1.32329 0.51222 0.02833 2.89204 2.44254 0.05370
1.63886 1.01828 0.60394 0.42476 0.43377 1.09736 0.57956 0.65953 0.00362 4.46073 1.89665 0.01274 5.37430 0.36212 0.04084
0.19077 0.92048 1.52832 0.11232 0.28947 6.82592 4.62411 0.89735 0.04473 1.36783 0.31200 0.02805 2.17575 0.52089 0.06176
0.88511 1.00622 1.22245 0.30699 0.51742 0.89602 1.22411 0.98361 0.00046 8.98314 1.83699 0.00188 5.53899 0.50220 0.06809
0.79241 1.06222 0.55011 0.45916 0.34690 1.34537 1.14207 0.89835 0.02138 6.06313 0.12965 0.02151 9.47214 1.01245 0.05454
0.39665 1.08591 1.88251 0.16219 0.12035 4.55434 2.30146 0.96439 0.00059 1.82605 0.43510 0.03705 1.22053 2.34666 0.03741
0.39074 0.90686 1.80254 0.34029 0.27103 0.10902 0.57376 0.92707 0.02432 2.64686 0.27543 0.00854 4.15486 0.62675 0.03512
0.53676 0.97922 1.39008 0.51401 0.56997 0.25885 0.45564 0.22664 0.02041 0.41249 0.19998 0.01000 7.25516 0.45812 0.05132
1.06371 1.05943 0.53823 0.58288 0.62286 1.97356 0.46374 0.76149 0.00056 4.36359 0.72288 0.00637 5.60358 0.61502 0.06222
0.49934 1.06328 1.20886 0.51208 0.61336 3.27398 0.87046 0.80291 0.00028 3.33335 1.60873 0.04241 1.54587 3.57704 0.05423
0.84187 1.09021 1.00970 0.58218 0.57030 2.02760 2.07714 0.46133 0.00733 1.01918 0.61926 0.01738 1.83947 2.71776 0.03363
0.56553 0.92462 1.76928 0.15235 0.75344 1.50502 0.25190 0.91029 0.03220 6.41700 0.18183 0.00236 2.01354 0.77326 0.06822
